$ 1 5.0E-9 10.391409633455755 50 5.0 50
v 80 256 80 144 0 1 100000000 1 0 0 0.5
r 80 144 176 144 0 50
431 176 144 272 144 2 0.805904783 default-pin 5e-7 10e-6
g 272 256 272 288 0
r 272 144 368 144 0 50
g 368 256 368 288 0
w 80 256 272 256 0
w 272 256 368 256 0
c 368 144 368 256 0 1.0E-11 0.001
v 272 336 272 256 0 0 40 0.05 0 0 0.5
g 272 336 272 368 0
x 128 109 298 112 4 12 Variable\sRF\sAttenuator
x 112 288 339 291 4 12 DC\sBias\sControls\sAttenuation
403 176 144 176 192 0
w 176 192 272 192 0
w 272 192 272 256 0
r 176 192 176 240 0 10000
g 176 240 176 272 0
